868 088 998 988 018 861 891 811 981 101
668 628 188 988 888 161 291 L11 181 801
268 828 088 188 918 061 991 911 881 8οῙ
808 228 6Ῐ8 888 118 681 991 911 081 101
888 928 618 888 818 881 191 111 611 001
968 928 998 188 288 28Ῐ 62 811 911 66
868 1L8 198 088 188 981 691 811 811 86
868 828 898 688 888 981 891 111 L11 26
168 828 198 888 988 181 881 011 811 96
068 1L8 098 288 108 881 181 681 811 96
688 028 818 988 018 881 29Ι 881 111 16
888 698 898 988 688 181 991 28Ῑ 011 86
288 898 918 188 688 081 991 981 601 86
968 298 988 888 888 6L1 191 981 801 16
828 998 188 888 288 82Ῑ 891 181 2οῐ 06
988 998 988 188 261, 22ῑ 891 881 901 68
988 198 988 088 161 9221 191 881 901 88
188 898 188 618 861 92Ῑ 091 181 101 28
088 898 888 818 861 1L1 181 081 8οΙ 98
888 198 «088 2Ῑ8 061 8L1 881 681 801 98
628 098 818 918 161 82Ι 911 881 101 18
828 698 2Ῑ8 918 681 121 111 L81 001 88
228 898 861 118 881 0L1 611 981 66 88
828 298 918 818 181 691 811 981 86 18
928 998 9Ῑ8 818 881 891 811 181 82 08
ῐ28 998 118 118 28ἶ 29Ῑ 111 881 96 6L
028 198 818 018 981 *991 26 881 16 82
698 898 818 608 181 991 82Ῑ 181 86 22
928 898 118 808 981 191 811 081 86 92
898 198 608 208 08Ῐ 891 28ῐ 611 16 92.
1L8 098 808 908 62Ῑ 891 981 811 61 n
L18 618 208 908 Lu 191 981 L11 88 82
998 818 908 108 92ἶ 091 011 911 28 82.
998 L18 908 808 92Ῑ 691 681 911 911 IL
198 918 808 808 1L1 891 881 111 111 02.
898 918 808 108 8201 2191 091 811 98 69
898 118 108 008 8L1 991 68 811 98 89
198 818 008 661 1L1 991 881 111 18 29 '
098 818 661 861 0L1 191 081 011 88 99
698 118 961 L61 691 891 181 601 18 99
688 018 961 961 191 891 681 801 08 19
L11 688 818 961 891 191 881 2οῐ 92 89
898 888 118 161 891 091 L81 901 n 89
298 288 298 861 881 611 981 901 82 ῐ9

mm !¹¹·!¹¹ 2⁸2⁸·- tus-¹ gam· ³⁰⁸3· smo- ³³⁸!- μυ·- με·
-ονικ -omw ⁶⁸¹-w -mw -ονοκ

unumst poumN poumfl pomnfl young

919 av'lomsma mavum

