Ep. cod. fol.
314 104—104v
315 1047-105
316 105-1057
317 1057

318 106

319 102

320 102

321 1027

“ 322 106 7

323 106 7 - 107

324 107-1077

325 114

326 1077 - 108

327 108

328 112 -·- 1127

329 1087

330 1087 - 109

331 109 - 109 7

332 1097 - 110

333 113

334 113 — 1137

335 113v

336 1137

337 113 7 - 114

338 114

339 87- 877

340 110 — nov
122 — 123

341 111 - 1117

342 111 7 - 112

343 114 - 1147

344 115

345 121

346 121 7 - 122

347 121 7

348 119

349 117

350 117- 1177

351 1177

352 1177

W'IBALDI EPISTOLAE

Ep. cod. fol.

353 1177 ·

354 1177

355 118

356 118

357 118

358 118 - 1187

359 1187

360 1187

361 1187

362 1277

363 123 - 1237

364 1157

365 116

366 116 - 1167

367 1167

368 1237

369 123 7 - 124

370 124

371 124

372 1197 - 120

373 124

374 120

375 120 — 121

376 124 - 124V

377 1247 - 125

378 126

379 127 7 - 128

380 1267

381 1267 — 127

382 1347 - 135 et
143 -- 1437

383 125 - 1257

384 128 - 1287

385 128 7 - 129

386 129 - 1297

387 1257 - 126

388 131 - 1317

389 131 7

390 1317
391 132-1327

Ep. cod· Tol.
392 129 7 - 130
393 130

394 131 7 - 132
395 1327 - 133
396 133 - 1337
397 134 - 1347
398 135

399 135 - 135 7
400 130 - 131
401 137 - 137 7
402 136 — 137
403 137 7 - 138
404 138 - 139 7
405 133 7 - 134
406 135v — 136
407 140 - 1407
408 1407

409 137 7

410 1417

411 142

412 1427

413 145

414 143

415 143

416 143v3 et 145

417 145
418 145 - 1457

419 145 7
420 145 7 - 146

421 146 - 1467 ’

422 145
423 147
424 147-1477

425 144
426 144-1447
427 1447

428 1447
429 1447-145

430 1467
431 147

613

Ep. cod· fol.
432 1477
433 1477
434 1567
435 157
436 157 7
437 156 7 - 157
438 156 - 1567
439 156
440 156
441 149
442 148
443 148
444 149
445 150 -
446 148 7 - 149
447 150 - 150v
448 150 7
449 150 7 - 151
450 149 7
451 151 7
452 152
453 152
454 159 - 159 7
455 1527 - 153
456 153 7
457 158
458 158 -· 159
459 159 7
460 159 7 - 160
461 154
462 1547
463 155
464 160
465 1607
466 160 7
467 160 7
468 1607 - 161
469 161
470 161 - 161 7
471 1497 - 150

Ad omnes illas epistolas eoe ipso codice VVibaldano (ἰωνί-
υαια8 accesserunt viqinti sepem, quae unde sint, breviter licet
dicevje. Excepi enim epistolas 1 et 2 ecc Ruperti abbatis Tui-

