616 wmALm nms'ronffl

Numeri Y Numeri ξ Numeri Numeri Numeri
Ἦ ...ω ’ἑξ-*ἴ ..o-21 ‘3³2³‘ „aa ”2³:²5 nutri ’.Ξῖ ..aa
281 300 314 333 347 376 380 399 ‚ 411 443
282 301 315 334 348 377 381 401 412 446
283 303 316 335 349 368 382 402 413 441
284 304 317 336 350 369 383 403 414 444
285 305 318 337 351 370 404 415 445
286 306 319 338 352 373 384 {408 416 450
287 307 320 343 353 383 385 407 417 447.
288 308 321 325 354 387 386 409 418 448
289 309 322 345 355 378 387 410 419 {451
290 320 323 346 356 380 388 411 471
291 321 324 344 357 381 389 414 420 452
292 295 325 363 358 379 390 415 421 453
293 310 326 348 359 384 391 416 422 455
294 311 327 349 360 406 392 417 423 456
295 312 328 350 361 385 393 425 424 461
296 313 329 351 362 386 394 426 425 462
297 314 330 352 363 392 395 427 426 463
298 315 331 353 364 393 396 428 427 437
299 316 332 355 365 400 397 429 428 438
300 317 333 356 366 388 398 413 429 434
301 318 334 357 367 389 399 422 430 439
302 322 335 358 368 390 400 418 431 440
303 323 336 359 369 394 401 419 432 465
304 329 337 360 370 391 402 420 433 469
305 330 ’338 361 371 395 403 421 434 470
306 324 339 362 372 457 404 430 435 466
307 331 340 364 373 458 405 431 436 467
308 332 341 365 374 468 406 423 487 435
309 326 342 366 375 396 407 424 438 436
310 341 343 367 376 405 408 432 439 454
311 342 344 375 377 397 409 433 440 460
312 327 345 372 378 382 410 442 441 464
313 340 346 374 379 398 ’

